% Created by Octave 6.2.0, Thu Aug 04 20:11:09 2022 MSK <fedor@MIRA>
% name: k_vec
% type: matrix
% rows: 1
% columns: 59

k_vec = [ 7.1428571428571432 6.5746753246753249 6.1011904761904763 5.7005494505494507 5.3571428571428568 5.0595238095238093 4.7991071428571432 4.5693277310924367 4.3650793650793647 4.1823308270676689 4.0178571428571432 2.9761904761904763 2.4553571428571428 2.1428571428571428 1.9345238095238095 1.7857142857142858 1.6741071428571428 1.5873015873015872 1.5178571428571428 1.4610389610389611 1.4136904761904763 1.3736263736263736 1.3392857142857142 1.3095238095238095 1.2834821428571428 1.2605042016806722 1.2400793650793651 1.2218045112781954 1.2053571428571428 1.1904761904761905 1.176948051948052 1.1645962732919255 1.1532738095238095 1.1428571428571428 1.1332417582417582 1.1243386243386244 1.1160714285714286 1.1083743842364533 1.1011904761904763 1.0944700460829493 1.0881696428571428 1.0822510822510822 1.0766806722689075 1.0714285714285714 1.066468253968254 1.0617760617760617 1.0573308270676691 1.0531135531135531 1.0491071428571428 1.0452961672473868 1.0416666666666667 1.0382059800664452 1.0349025974025974 1.0317460317460316 1.0287267080745341 1.0258358662613982 1.0230654761904763 1.0204081632653061 1.0178571428571428 ];

% name: T_vec
% type: matrix
% rows: 1
% columns: 59
T_vec = [0.1:0.01:0.19, 0.2:0.1:5.0];
